url_path,views_total,views_unique
/Infinity-Vault/Digitalna-logika,55,21
/Infinity-Vault/Digitalna-logika/blob/main/Python.py,14,11
/Infinity-Vault/Digitalna-logika/blob/main/README.md,6,5
/Infinity-Vault/Digitalna-logika/commit/bd0fbfdc60929d65c4f3c3785ee057f878fed83d,1,1
/Infinity-Vault/Digitalna-logika/commit/f78ed010456017f1a3a7a4f61f7de4a979da1a14,1,1
